Created At: 2026-07-18T19:11:06Z
Completed At: 2026-07-18T19:25:13Z
Browser subagent result:
I have fully extracted the content of the clipboard pasted on the page. The clipboard contained an SVG map of the 7 provinces of Nepal, authored by Dipesh Bajgain. 

Here is the reconstructed SVG content of the Nepal Map:

```xml
<!--
If you find my work useful in any of your projects and want to use it, you are free
to use, but please appreciate my work and give a reference.
Author: Dipesh Bajgain
Email: dipbazz@gmail.com
Facebook: facebook.com/dipbazz
-->
<svg version="1.1" xmlns="http://www.w3.org/2000/svg" xmlns:xlink="http://www.w3.org/1999/xlink" preserveAspectRatio="xMidYMid meet" viewBox="3.1510019851078823 88.99906262937573 637.5847884826144 322.1037384445946" id="nepal-map">
<defs>
<style>
.states{
opacity: 1;
fill: #cccccc;
fill-opacity: 1;
stroke-width: 0.6px;
				stroke-opacity: 1;
stroke: #000000;
}
</style>
<path d="M125.63 128.64C125.63 128.64 125.63 128.64 125.63 128.64Z" id="province07" class="states"></path>
<path d="M229.41 249.84C229.64 250.51 230.16 251.04 230.83 251.28C230.95 251.32 231.24 251.42 231.71 251.59L234.22 253.64L238.21 254.78L240.6 257.63C240.76 258.3 240.86 258.71 240.89 258.88C240.99 259.28 241.35 259.57 241.77 259.57C241.97 259.57 242.45 259.57 243.22 259.57L243.79 259.23L244.93 258.77C245.31 258.77 245.54 258.77 245.64 258.77C245.77 258.77 245.9 258.72 246 258.62C246.04 258.58 246.14 258.48 246.3 258.32C246.79 258.17 247.1 258.08 247.23 258.04C247.37 258 247.52 258.01 247.65 258.07C247.79 258.13 248.14 258.29 248.7 258.55C250.44 260.38 251.83 261.76 252.88 262.71C253.74 263.48 254.29 264.22 254.74 264.25C255.75 264.3 257.76 264.42 260.78 264.59L262.04 265.27C264.38 268.05 265.78 269.42 266.26 269.38C266.73 269.34 267.68 269.26 269.11 269.15L270.48 270.06L274.01 269.61L276.63 270.52L278.12 272.57L278 274.62C277.79 275.35 277.65 275.81 277.6 275.99C277.51 276.31 277.69 276.63 278 276.72C278.36 276.83 278.78 277.04 279.26 277.36C279.94 277.82 280.43 278.46 280.74 279.3L280.17 281.35L278.57 282.49L276.63 282.83L274.47 283.52L272.53 283.52L270.48 282.83C269.7 283.61 269.21 284.1 269.01 284.3C268.84 284.47 268.88 284.77 269.11 284.89C269.11 284.89 269.11 284.89 269.11 284.89L270.82 285.23C271.38 285.01 271.73 284.87 271.88 284.82C272.15 284.71 272.46 284.7 272.74 284.77C273.09 284.86 273.69 285.02 274.03 285.11C274.31 285.19 274.6 285.13 274.83 284.97C274.89 284.93 275.03 284.82 275.27 284.66L277.09 284.43L278.57 284.43L281.31 284.89C281.65 285.37 281.86 285.68 281.94 285.8C282.18 286.15 282.6 286.32 283.01 286.25C283.1 286.24 283.34 286.2 283.7 286.14L285.19 285.23L286.67 285.23L289.75 285.91L293.97 287.39C294.43 287.94 294.71 288.28 294.83 288.41C295.08 288.71 295.44 288.9 295.82 288.94C296.34 289 297.41 289.11 297.96 289.17C298.26 289.2 298.56 289.16 298.84 289.06C299.02 288.99 299.49 288.81 300.24 288.53L303.54 288.53C304.18 288.96 304.58 289.22 304.73 289.33C304.85 289.41 304.99 289.45 305.13 289.47C305.72 289.53 307.21 289.67 309.59 289.9L312.32 290.81C312.81 291.58 313.11 292.06 313.23 292.26C313.38 292.5 313.43 292.8 313.36 293.08C313.29 293.32 313.14 293.94 312.89 294.92C312.28 295.88 311.9 296.48 311.75 296.72C311.45 297.19 311.23 297.7 311.09 298.24C311.03 298.5 310.87 299.14 310.61 300.16C310.28 300.43 310.06 300.59 309.98 300.66C309.73 300.85 309.41 300.93 309.1 300.88C308.9 300.84 308.42 300.76 307.65 300.62L306.17 301.19C305.59 301.59 305.23 301.84 305.09 301.94C304.83 302.12 304.51 302.18 304.2 302.11C304.13 302.09 303.95 302.05 303.66 301.99C301.57 301.99 300.26 301.99 299.74 301.99C299.55 301.99 299.36 302.06 299.23 302.2C299.12 302.31 298.85 302.58 298.41 303.02C297.61 303.25 297.11 303.4 296.91 303.46C296.63 303.54 296.34 303.5 296.09 303.34C295.98 303.27 295.69 303.08 295.22 302.79L293.62 302.56L290.32 303.02C289.1 303.02 288.33 303.02 288.03 303.02C287.81 303.02 287.66 303.23 287.74 303.43C287.76 303.5 287.82 303.66 287.92 303.93L288.15 304.61C288.15 304.69 288.15 304.75 288.15 304.77C288.15 305.11 288.45 305.37 288.79 305.32C289.23 305.26 289.74 305.21 290.32 305.17C292.58 305.01 294.67 305.01 295.45 305.18C296.51 305.41 297.01 306.17 296.93 307.46L295.68 310.2L295.79 310.88L296.36 311.23C297.73 311.95 298.41 312.44 298.41 312.71C298.41 313.11 298.41 313.86 298.41 314.14C298.41 314.22 298.49 314.28 298.57 314.26C298.7 314.22 299.03 314.12 299.55 313.96L301.15 315.44L302.29 318.18L302.63 320.46C302.58 321.68 302.55 322.45 302.54 322.75C302.53 323.02 302.69 323.26 302.94 323.34C303.13 323.4 303.27 323.45 303.46 323.5C303.73 323.6 304.03 323.57 304.27 323.42C304.42 323.33 304.78 323.1 305.37 322.74L305.94 321.15Z" id="province06" class="states"></path>
<path d="M125.63 128.64C125.63 128.64 125.63 128.64 125.63 128.64Z" id="province05" class="states"></path>
<path d="M305.94 321.15C305.84 320.78 305.78 320.55 305.75 320.46C305.66 320.12 305.8 319.76 306.09 319.57C306.2 319.51 306.45 319.35 306.85 319.09C307.24 318.43 307.48 318.01 307.58 317.84C307.62 317.77 307.61 317.69 307.55 317.63C307.32 317.42 306.76 316.92 306.54 316.71C306.45 316.64 306.44 316.52 306.49 316.42C306.57 316.29 306.77 315.96 307.08 315.44C307.57 315 307.87 314.72 308 314.61C308.2 314.43 308.49 314.4 308.72 314.55C308.83 314.62 309.12 314.81 309.59 315.1L312.44 315.44C312.56 315.44 312.63 315.44 312.66 315.44C313.24 315.44 313.78 315.17 314.12 314.7C314.19 314.6 313.97 314.9 314.07 314.77C314.33 314.4 314.76 314.19 315.2 314.19C315.26 314.19 315.4 314.19 315.63 314.19C317.55 314.24 318.75 314.28 319.23 314.29C319.54 314.3 319.84 314.14 320 313.87C320.17 313.61 320.57 312.96 321.22 311.91C322.59 311 324.03 309.86 325.55 308.49C327.07 307.12 329.01 306.32 331.37 306.09L334.1 305.18L337.64 302.79L338.78 302.79C339.68 303.49 340.25 303.93 340.47 304.1C340.69 304.27 340.99 304.29 341.22 304.14C341.73 303.83 342.59 303.3 343.03 303.03C343.49 302.75 343.71 302.21 343.59 301.69C343.54 301.48 343.47 301.17 343.39 300.83C343.36 300.7 343.41 300.57 343.52 300.5C343.72 300.37 344.23 300.03 345.05 299.48C345.94 299.09 346.49 298.85 346.71 298.75C346.79 298.72 346.81 298.62 346.75 298.55C346.7 298.5 346.4 298.22 345.86 297.74C345.57 297.47 344.57 297.67 344.25 297.2C343.42 295.99 343.47 294.94 344.4 294.06C344.67 293.81 345.03 293.67 345.4 293.67C346.56 293.67 349.27 293.67 350.39 293.67C350.87 293.67 351.3 293.35 351.44 292.88C351.46 292.81 351.38 293.1 351.42 292.96C351.5 292.7 351.73 292.52 352 292.52C352.32 292.52 352.94 292.52 353.28 292.52C353.47 292.52 353.64 292.4 353.7 292.22C353.73 292.13 353.82 291.88 353.94 291.5L354.4 290.59L356.57 289.45L360.33 289.45L363.29 291.95C363.5 292.82 363.63 293.36 363.68 293.58C363.72 293.78 363.85 293.95 364.03 294.04C364.54 294.3 365.09 294.53 365.68 294.73C366.42 294.98 367.22 295.54 368.08 295.26C369.65 294.76 370.6 294.22 370.94 293.63C371.01 293.51 371.01 293.36 370.94 293.25C370.8 293.01 370.46 292.43 369.91 291.5C368.76 290.01 368.05 289.08 367.76 288.71C367.67 288.59 367.63 288.46 367.63 288.32C367.63 287.94 367.63 286.98 367.63 285.46C368.11 284.44 368.42 283.8 368.54 283.54C368.76 283.09 369.16 282.76 369.64 282.63C369.71 282.61 369.87 282.56 370.14 282.49L371.16 281.35C371.59 280.71 371.86 280.3 371.97 280.14C372.18 279.83 372.53 279.64 372.91 279.64C373.04 279.64 373.05 279.64 373.23 279.64C373.42 279.64 373.58 279.5 373.6 279.32C373.64 279.04 373.74 278.35 373.9 277.25L375.07 274.05C375.28 272.3 375.72 271.13 376.41 270.52C377.09 269.91 378.08 269.76 379.37 270.06L381.42 271.43C382.03 271.28 382.45 270.97 382.68 270.52C382.91 270.06 383.67 269.68 384.96 269.38L385.3 266.75L385.87 264.82L385.3 263.33C386.29 262.4 387.22 261.54 388.09 260.76C388.78 260.14 389.97 259.99 390.5 259.4C390.86 259 390.67 258.2 390.77 257.63C391.23 255.12 392.48 253.45 394.54 252.62L396.93 252.16C397.55 250.48 397.94 249.42 398.09 249C398.15 248.84 398.13 248.65 398.03 248.51C397.08 247.06 396.63 245.77 396.7 244.63C396.76 243.82 396.97 243.14 397.36 242.61C397.74 242.08 398.33 241.75 398.97 241.69C399.25 241.66 398.95 241.69 399.2 241.66C399.89 241.6 400.46 241.1 400.62 240.43C400.83 239.57 401.08 238.92 401.38 238.48C401.83 237.83 403.01 238.2 403.09 237.56C403.22 236.42 402.99 235.3 402.39 234.2C402.26 233.96 402.29 233.66 402.47 233.45C402.75 233.11 403.44 232.29 403.75 231.91C403.83 231.81 403.84 231.68 403.77 231.57C403.64 231.35 403.44 231.05 403.33 230.88C403.18 230.63 402.93 230.45 402.65 230.38C402.4 230.31 402.03 230.21 401.76 230.14C401.51 230.07 401.28 229.94 401.1 229.76C400.77 229.43 399.95 228.61 398.64 227.3L397.27 227.07C396.8 227.4 396.5 227.6 396.38 227.69C395.81 228.08 395.07 228.1 394.48 227.75C394.33 227.66 394.72 227.89 394.54 227.78C394.07 227.5 393.47 227.58 393.09 227.97C392.47 228.59 390.94 230.16 388.49 232.66C388.27 233.32 388.14 233.74 388.08 233.9C387.98 234.2 387.76 234.45 387.48 234.59C387.27 234.7 386.73 234.97 385.87 235.4C385.65 235.4 385.51 235.4 385.46 235.4C385.03 235.4 384.65 235.11 384.54 234.7C384.51 234.59 384.55 234.75 384.51 234.59C384.44 234.32 384.2 234.14 383.93 234.14C383.81 234.14 383.51 234.14 383.02 234.14L380.4 235.06C379.05 235.56 378.21 235.88 377.87 236C377.74 236.05 377.59 236.05 377.45 235.99C376.63 235.64 375.84 235.23 375.07 234.76C373.98 234.1 372.95 233.02 371.96 232.89C370.21 232.66 368.77 232.28 367.63 231.75C367.43 231.4 367.31 231.18 367.26 231.1C367.14 230.87 366.89 230.72 366.63 230.72C366.33 230.72 365.64 230.72 365.28 230.72C365.19 230.72 365.12 230.65 365.12 230.56C365.12 229.91 365.12 228.63 365.12 228.11C365.12 227.66 364.76 227.3 364.31 227.3C364.11 227.3 364.07 227.3 363.8 227.3C363.48 227.3 363.18 227.16 362.97 226.91C362.35 226.14 360.76 224.18 360.13 223.4C359.97 223.2 359.72 223.08 359.46 223.08C358.63 223.08 356.8 223.08 356.03 223.08C355.57 223.08 355.11 222.93 354.74 222.65C354.67 222.6 354.81 222.71 354.69 222.62C354.5 222.47 354.27 222.4 354.04 222.4C353.48 222.4 352.08 222.4 349.84 222.4C349.61 222.67 349.47 222.84 349.41 222.91C349.33 223.01 349.19 223.03 349.08 222.96C348.23 222.39 345.79 220.76 344.92 220.18C344.86 220.14 344.83 220.07 344.84 220C344.88 219.71 344.95 219.19 344.99 218.95C345.03 218.68 344.94 218.4 344.76 218.2C344.61 218.03 344.39 217.79 344.23 217.61C344.09 217.46 344.01 217.28 343.99 217.08C343.95 216.78 343.87 216.18 343.84 215.88C343.81 215.69 343.66 215.54 343.48 215.52C343.17 215.48 342.58 215.4 342.27 215.37C342.1 215.35 341.97 215.2 341.97 215.03C341.97 214.7 341.97 214.28 341.97 214.01C341.97 213.66 341.68 213.37 341.33 213.37C340.96 213.37 340.03 213.37 338.55 213.37L333.99 212.36L331.71 210.77C330.26 211.22 329.2 211.22 328.52 210.77C327.83 210.31 327.6 209.32 327.82 207.8C329.2 203.24 329.85 200.54 329.77 199.71C329.69 198.87 329.16 198.38 328.17 198.23C327.11 198.53 326.35 198.64 325.89 198.57C325.44 198.49 325.21 198.07 325.21 197.31C325.12 196.6 325.06 196.16 325.04 195.98C325 195.66 325.07 195.34 325.24 195.07C325.33 194.93 325.55 194.57 325.89 194.01C325.89 193.28 325.89 192.83 325.89 192.65C325.89 192.58 325.85 192.51 325.77 192.48C325.5 192.37 325.07 192.21 324.86 192.13C324.58 192.02 324.34 191.79 324.23 191.5C324.14 191.31 323.94 190.81 323.61 190.02L323.41 187.5C323.73 186.49 323.94 185.86 324.02 185.61C324.05 185.51 324.13 185.44 324.22 185.41C324.45 185.34 325 185.16 325.89 184.88C326.06 184.11 326.16 183.62 326.21 183.43C326.22 183.36 326.17 183.29 326.09 183.29C325.92 183.29 325.51 183.29 325.32 183.29C325.25 183.29 325.19 183.33 325.15 183.39C325.07 183.53 325.01 183.64 324.96 183.73C324.83 183.94 324.59 184.06 324.35 184.03C324.19 184.01 323.79 183.95 323.16 183.86C322.44 183.95 321.99 184.01 321.81 184.04C321.58 184.07 321.34 184 321.17 183.84C321.04 183.73 320.85 183.56 320.69 183.43C320.59 183.34 320.46 183.29 320.32 183.29C320.07 183.29 319.77 183.29 319.58 183.29C319.27 183.29 319.01 183.07 318.95 182.77C318.91 182.51 318.82 182.06 318.77 181.76C318.73 181.58 318.81 181.4 318.96 181.3C319.1 181.22 319.16 181.18 319.28 181.11C319.45 181 319.46 180.76 319.31 180.63C319.1 180.46 318.67 180.1 318.43 179.9C318.32 179.81 318.17 179.78 318.04 179.84C318 179.86 317.88 179.9 317.68 179.98L315.63 179.98L314.72 179.52L313.46 179.98C312.78 179.98 312.35 179.98 312.18 179.98C311.99 179.98 311.81 179.87 311.73 179.7C311.66 179.57 311.57 179.39 311.5 179.24C311.45 179.14 311.34 179.07 311.22 179.07C310.89 179.07 310.21 179.07 309.91 179.07C309.72 179.07 309.55 178.94 309.5 178.76C309.45 178.6 309.44 178.56 309.4 178.43C309.31 178.13 309.4 177.79 309.65 177.58C309.73 177.52 309.59 177.64 309.67 177.56C309.83 177.42 309.78 177.16 309.58 177.09C309.26 176.98 308.78 176.82 308.47 176.72C308.18 176.62 307.86 176.71 307.67 176.94C307.51 177.14 307.34 177.35 307.17 177.54C306.98 177.78 306.66 177.87 306.37 177.79C305.99 177.68 305.29 177.48 304.9 177.37C304.61 177.29 304.3 177.29 304.02 177.37C303.86 177.41 303.48 177.52 302.86 177.7C301.63 177.81 300.86 177.87 300.55 177.9C300.36 177.92 300.19 178.04 300.11 178.22C300.03 178.44 299.9 178.74 299.82 178.94C299.73 179.15 299.51 179.28 299.28 179.27C297.8 179.15 296.83 179.16 296.36 179.3C295.83 179.45 295.52 180.17 295.45 181.46C295.18 182.18 295.01 182.63 294.94 182.81C294.83 183.1 294.56 183.29 294.26 183.29C294.02 183.29 293.65 183.29 293.37 183.29C293.17 183.29 292.99 183.39 292.9 183.56C292.84 183.66 292.81 183.72 292.75 183.82C292.66 183.98 292.48 184.06 292.3 184.03C292.19 184 291.91 183.95 291.46 183.86C290.05 183.86 289.17 183.86 288.82 183.86C288.68 183.86 288.55 183.91 288.45 184C288.16 184.27 287.56 184.83 287.3 185.07C287.11 185.25 286.88 185.37 286.62 185.44C286.08 185.58 285.52 185.73 285.15 185.82C284.64 185.95 284.5 186.6 284.9 186.93C284.94 186.96 285.04 187.04 285.19 187.16L285.64 188.99L286.67 190.81L286.9 192.75L285.87 193.32L284.73 194.01L283.48 194.46C283.24 194.58 283.1 194.65 283.04 194.68C282.66 194.87 282.51 195.34 282.73 195.72C282.83 195.9 282.8 195.85 282.92 196.05C283.12 196.4 283.08 196.83 282.83 197.15C282.77 197.23 282.6 197.44 282.34 197.77L282.34 202.56C282.16 203.12 282.05 203.47 282.01 203.61C281.93 203.88 281.73 204.11 281.47 204.23C281.27 204.33 280.76 204.57 279.94 204.95C276.43 208.77 274.23 211.15 273.35 212.1C273.26 212.2 273.2 212.32 273.17 212.45C273.09 212.84 272.9 213.73 272.82 214.1C272.78 214.3 272.65 214.46 272.46 214.54C272.25 214.63 271.81 214.81 271.57 214.91C271.46 214.96 271.4 215.07 271.41 215.18C271.47 215.63 271.62 216.74 271.84 218.52L271.16 219.66L265.35 221.71C264.85 221.71 264.53 221.71 264.41 221.71C264.13 221.71 263.86 221.81 263.64 221.98C263.35 222.2 262.62 222.76 261.47 223.65L257.93 223.65L256 224.11L252.46 223.77L250.41 223.31L249.38 223.77L247.67 223.31C246.53 223.06 245.82 222.91 245.54 222.85C245.29 222.79 245.05 222.98 245.05 223.24C245.05 223.48 245.05 224.07 245.05 225.02L244.14 227.99C243.59 228.23 243.25 228.39 243.11 228.45C242.97 228.52 242.88 228.65 242.87 228.81C242.85 229.23 242.8 230.18 242.79 230.58C242.78 230.81 242.63 231 242.42 231.08C242.18 231.17 241.57 231.39 240.6 231.75L237.75 232.43L234.44 232.66L232.51 232.43L231.14 232.43C230.87 232.63 230.7 232.76 230.63 232.81C230.37 233.01 230.2 233.3 230.17 233.62C230.16 233.73 230.17 233.63 230.15 233.76C230.13 233.98 230.26 234.19 230.48 234.26C230.56 234.29 230.78 234.37 231.14 234.49L232.28 235.85L232.05 237.11C231.61 237.6 231.33 237.91 231.22 238.03C231.1 238.17 230.92 238.23 230.74 238.2C230.61 238.17 230.29 238.11 229.77 238.02L227.72 237.11C227.45 237.11 227.29 237.11 227.22 237.11C227.11 237.11 227.01 237.18 226.97 237.28C226.75 237.89 226.21 239.42 226 240C225.94 240.18 225.77 240.3 225.57 240.3C225.56 240.3 225.51 240.3 225.44 240.3C225.23 240.54 225.11 240.68 225.06 240.74C224.89 240.94 224.91 241.24 225.1 241.41C225.26 241.56 225.4 241.68 225.56 241.82C225.74 241.99 225.75 242.27 225.57 242.44C225.53 242.49 225.4 242.61 225.21 242.81C224.93 243.02 224.76 243.15 224.69 243.2C224.6 243.26 224.59 243.39 224.66 243.47C224.72 243.53 224.86 243.69 225.09 243.95L226.35 245.77C226.63 246.34 226.81 246.69 226.88 246.83C227.2 247.48 227.7 248.02 228.33 248.4C228.43 248.46 228.68 248.61 229.08 248.85C229.26 249.38 229.37 249.7 229.41 249.84C229.64 250.51 230.16 251.04 230.83 251.28C230.95 251.32 231.24 251.42 231.71 251.59L234.22 253.64L238.21 254.78L240.6 257.63C240.76 258.3 240.86 258.71 240.89 258.88C240.99 259.28 241.35 259.57 241.77 259.57C241.97 259.57 242.45 259.57 243.22 259.57L243.79 259.23L244.93 258.77C245.31 258.77 245.54 258.77 245.64 258.77C245.77 258.77 245.9 258.72 246 258.62C246.04 258.58 246.14 258.48 246.3 258.32C246.79 258.17 247.1 258.08 247.23 258.04C247.37 258 247.52 258.01 247.65 258.07C247.79 258.13 248.14 258.29 248.7 258.55C250.44 260.38 251.83 261.76 252.88 262.71C253.74 263.48 254.29 264.22 254.74 264.25C255.75 264.3 257.76 264.42 260.78 264.59L262.04 265.27C264.38 268.05 265.78 269.42 266.26 269.38C266.73 269.34 267.68 269.26 269.11 269.15L270.48 270.06L274.01 269.61L276.63 270.52L278.12 272.57L278 274.62C277.79 275.35 277.65 275.81 277.6 275.99C277.51 276.31 277.69 276.63 278 276.72C278.36 276.83 278.78 277.04 279.26 277.36C279.94 277.82 280.43 278.46 280.74 279.3L280.17 281.35L278.57 282.49L276.63 282.83L274.47 283.52L272.53 283.52L270.48 282.83C269.7 283.61 269.21 284.1 269.01 284.3C268.84 284.47 268.88 284.77 269.11 284.89C269.11 284.89 269.11 284.89 269.11 284.89L270.82 285.23C271.38 285.01 271.73 284.87 271.88 284.82C272.15 284.71 272.46 284.7 272.74 284.77C273.09 284.86 273.69 285.02 274.03 285.11C274.31 285.19 274.6 285.13 274.83 284.97C274.89 284.93 275.03 284.82 275.27 284.66L277.09 284.43L278.57 284.43L281.31 284.89C281.65 285.37 281.86 285.68 281.94 285.8C282.18 286.15 282.6 286.32 283.01 286.25C283.1 286.24 283.34 286.2 283.7 286.14L285.19 285.23L286.67 285.23L289.75 285.91L293.97 287.39C294.43 287.94 294.71 288.28 294.83 288.41C295.08 288.71 295.44 288.9 295.82 288.94C296.34 289 297.41 289.11 297.96 289.17C298.26 289.2 298.56 289.16 298.84 289.06C299.02 288.99 299.49 288.81 300.24 288.53L303.54 288.53C304.18 288.96 304.58 289.22 304.73 289.33C304.85 289.41 304.99 289.45 305.13 289.47C305.72 289.53 307.21 289.67 309.59 289.9L312.32 290.81C312.81 291.58 313.11 292.06 313.23 292.26C313.38 292.5 313.43 292.8 313.36 293.08C313.29 293.32 313.14 293.94 312.89 294.92C312.28 295.88 311.9 296.48 311.75 296.72C311.45 297.19 311.23 297.7 311.09 298.24C311.03 298.5 310.87 299.14 310.61 300.16C310.28 300.43 310.06 300.59 309.98 300.66C309.73 300.85 309.41 300.93 309.1 300.88C308.9 300.84 308.42 300.76 307.65 300.62L306.17 301.19C305.59 301.59 305.23 301.84 305.09 301.94C304.83 302.12 304.51 302.18 304.2 302.11C304.13 302.09 303.95 302.05 303.66 301.99C301.57 301.99 300.26 301.99 299.74 301.99C299.55 301.99 299.36 302.06 299.23 302.2C299.12 302.31 298.85 302.58 298.41 303.02C297.61 303.25 297.11 303.4 296.91 303.46C296.63 303.54 296.34 303.5 296.09 303.34C295.98 303.27 295.69 303.08 295.22 302.79L293.62 302.56L290.32 303.02C289.1 303.02 288.33 303.02 288.03 303.02C287.81 303.02 287.66 303.23 287.74 303.43C287.76 303.5 287.82 303.66 287.92 303.93L288.15 304.61C288.15 304.69 288.15 304.75 288.15 304.77C288.15 305.11 288.45 305.37 288.79 305.32C289.23 305.26 289.74 305.21 290.32 305.17C292.58 305.01 294.67 305.01 295.45 305.18C296.51 305.41 297.01 306.17 296.93 307.46L295.68 310.2L295.79 310.88L296.36 311.23C297.73 311.95 298.41 312.44 298.41 312.71C298.41 313.11 298.41 313.86 298.41 314.14C298.41 314.22 298.49 314.28 298.57 314.26C298.7 314.22 299.03 314.12 299.55 313.96L301.15 315.44L302.29 318.18L302.63 320.46C302.58 321.68 302.55 322.45 302.54 322.75C302.53 323.02 302.69 323.26 302.94 323.34C303.13 323.4 303.27 323.45 303.46 323.5C303.73 323.6 304.03 323.57 304.27 323.42C304.42 323.33 304.78 323.1 305.37 322.74L305.94 321.15Z" id="province04" class="states"></path>
<path d="M311.09 323.5L313.71 323.56L315.19 322.93C315.82 321.67 316.22 320.88 316.38 320.56C316.42 320.47 316.5 320.4 316.59 320.36C316.97 320.19 317.99 319.74 318.38 319.57C318.45 319.53 318.5 319.46 318.51 319.38C318.56 318.99 318.65 318.13 318.69 317.78C318.71 317.61 318.87 317.49 319.04 317.52C319.3 317.57 319.96 317.71 321.01 317.92C321.98 317.72 322.59 317.6 322.83 317.55C323.05 317.51 323.25 317.7 323.21 317.92C323.16 318.24 323.07 318.76 323.02 319.09C322.97 319.35 323.07 319.62 323.27 319.8C323.36 319.88 323.6 320.09 323.97 320.42L327.28 321.22C327.67 322.15 327.92 322.74 328.02 322.97C328.08 323.12 328.29 323.12 328.35 322.97C328.41 322.82 328.54 322.47 328.76 321.91L331.27 322.25L332.07 323.56C333.07 325.53 333.69 326.76 333.94 327.25C333.98 327.33 334.06 327.39 334.15 327.4C334.59 327.48 335.68 327.66 337.43 327.95L340.73 328.29L342.56 329.09L348.6 329.09L352.02 327.38L352.02 326.35L352.94 324.98L353.62 323.39L354.42 321.91C355.41 321.6 356.66 321.6 358.18 321.91C359.7 322.21 360.84 322.76 361.6 323.56L365.71 323.56C366.39 323.29 366.96 323.08 367.42 322.93C367.87 322.78 369.73 322.99 373 323.56L374.49 324.98L375.85 324.98L378.59 326.35L382.92 328.63L386.46 329.32L388.17 328.98C388.8 329.21 389.2 329.36 389.36 329.42C389.76 329.57 390.21 329.55 390.59 329.35C391.2 329.04 392.21 328.91 393.64 328.98C396.27 329.09 396.49 330.23 397.29 332.4C397.8 333.77 399.8 335.63 403.31 337.97C403.55 338.13 403.83 338.21 404.11 338.21C405.05 338.21 407.46 338.21 408.4 338.21C408.66 338.21 408.9 338.33 409.05 338.54C409.18 338.73 409.3 338.89 409.42 339.06C409.61 339.32 409.9 339.49 410.22 339.53C410.75 339.61 411.3 339.58 411.89 339.47C412.65 339.31 414.24 339.73 416.68 340.72L419.53 341.06L420.44 341.97L422.04 342.66C423.71 343.34 424.81 343.99 425.34 344.6C425.87 345.21 426.48 345.05 427.17 344.14C427.6 344.14 427.88 344.14 427.98 344.14C428.16 344.14 428.31 344.29 428.31 344.46C428.31 344.74 428.31 345.16 428.31 345.41C428.31 345.68 428.46 345.92 428.71 346.03C428.88 346.11 428.98 346.16 429.15 346.24C429.4 346.35 429.69 346.3 429.88 346.1C429.97 346.01 429.92 346.07 430.01 345.98C430.22 345.76 430.54 345.67 430.84 345.75C431.13 345.82 431.84 346.01 432.98 346.31L439.25 346.08L440.51 345.05C441.65 344.37 442.67 343.72 443.59 343.11C444.5 342.51 445.52 342.35 446.66 342.66L452.71 344.6L454.08 344.83L455.1 346.76L456.01 347.22L457.5 345.85L462.4 348.25L462.74 350.18L464 351.55L466.16 355.32C466.39 355.7 467.38 355.89 469.13 355.89C470.88 355.89 473.27 356.04 476.31 356.34L482.58 359.42C485 361.23 486.51 362.36 487.11 362.82C487.37 363.01 487.74 362.93 487.89 362.65C488.13 362.19 488.38 361.83 488.63 361.58C489.45 360.76 490.25 360.53 490.57 360.22C491.25 359.53 493.19 360.22 494.1 359.88C495.01 359.53 495.01 358.39 495.13 357.25C495.24 356.11 494.67 354.86 494.1 353.83C493.72 353.15 493.49 352.66 493.42 352.35C493.65 351.56 493.79 351.07 493.85 350.88C493.91 350.67 493.72 350.48 493.52 350.53C492.69 350.74 491.94 350.82 491.25 350.75C489.99 350.64 490.45 349.84 490.34 349.39C490.27 349.1 490.79 348.67 491.92 348.08C492 348.04 492.06 347.97 492.08 347.88C492.1 347.76 492.17 347.47 492.28 346.99C492.6 346.53 492.8 346.25 492.88 346.14C492.99 345.97 493.21 345.91 493.39 345.98C493.6 346.07 493.84 346.17 494.03 346.25C494.28 346.35 494.56 346.29 494.73 346.08C494.78 346.02 494.92 345.87 495.13 345.62C495.51 344.86 495.66 344.22 495.58 343.69C495.52 343.24 494.8 342.92 493.43 342.73C493.15 342.69 492.93 342.47 492.88 342.19C492.82 341.89 492.71 341.24 492.65 340.89C492.63 340.79 492.55 340.71 492.45 340.7C492.17 340.68 491.46 340.61 490.34 340.49C488.93 339.56 488.05 338.97 487.7 338.74C487.24 338.43 486.63 338.48 486.23 338.86C485.79 339.26 485.42 339.58 485.09 339.81C484.56 340.19 484.1 340.19 483.72 339.81C482.81 339.05 482.24 338.59 482.01 338.44C481.78 338.29 482.36 337.49 483.72 336.05C484.71 335.13 484.94 334.49 484.41 334.11C483.88 333.73 483.46 333 483.15 331.94C483.31 330.57 483.38 329.47 483.38 328.63C483.38 327.38 484.18 326.81 485.09 325.55C485.7 324.72 486 324.03 486 323.5C486.54 322.67 487.26 322.02 488.17 321.56C489.54 320.88 491.71 318.37 492.62 317.46C493.23 316.85 494.06 315.67 495.13 313.92L496.84 312.33C497.9 312.02 498.66 311.49 499.12 310.73C499.57 309.97 500.52 309.52 501.97 309.36C503.46 309.26 504.4 309.2 504.77 309.17C505.08 309.15 505.36 308.96 505.5 308.68C505.59 308.5 505.82 308.04 506.19 307.31C507.17 306.47 507.78 306.02 508.01 305.94C508.21 305.87 508.23 305.2 508.05 303.91C508.02 303.75 508.04 303.58 508.11 303.43C508.46 302.58 508.84 301.64 509.27 300.58C509.72 299.44 509.99 298.42 510.06 297.5L509.61 295.79C509.28 295.46 509.07 295.26 508.99 295.17C508.52 294.71 508.34 294.04 508.51 293.4C509.01 291.52 509.27 289.92 509.27 288.61C509.27 287.01 509.28 285.99 508.47 285.53C507.93 285.53 507.6 285.53 507.46 285.53C507.05 285.53 506.68 285.25 506.57 284.85C506.5 284.58 506.37 284.24 506.19 283.82C505.88 283.14 504.89 283.63 503.22 285.3C502.69 286.67 502.08 287.55 501.4 287.93C500.71 288.31 499.69 288.38 498.32 288.15C497.18 286.84 496.46 286.02 496.17 285.69C496.09 285.59 495.96 285.53 495.83 285.53C495.26 285.53 493.98 285.53 493.46 285.53C493.16 285.53 492.91 285.33 492.83 285.05C492.79 284.89 492.82 285.01 492.78 284.88C492.69 284.54 492.35 284.33 492 284.4C491.93 284.41 491.76 284.45 491.48 284.51C490.66 284.25 490.15 284.09 489.94 284.03C489.76 283.97 489.63 283.82 489.6 283.64C489.56 283.45 489.51 283.17 489.48 282.98C489.45 282.8 489.31 282.65 489.13 282.61C488.58 282.46 487.61 282.56 486.23 282.91C484.71 283.29 483.88 282.87 483.72 281.65C483.5 280.06 483.38 278.84 483.38 278.01C483.38 277.17 483.12 276.11 482.58 274.81C482.2 273.9 482.2 273.14 482.58 272.53C482.96 271.92 483.08 271.47 482.93 271.16L482.01 269.91C481.39 268.67 481 267.89 480.85 267.58C480.78 267.44 480.58 267.47 480.55 267.62C480.49 267.92 480.33 268.69 480.07 269.91L478.14 270.48C477.2 271.69 476.62 272.45 476.39 272.76C476.07 273.16 475.53 273.3 475.06 273.1C475.06 273.1 475.06 273.1 475.06 273.1C474.41 273.24 474.01 273.33 473.84 273.36C473.64 273.41 473.51 273.62 473.57 273.82C473.76 274.46 473.95 275.13 474.15 275.84C474.35 276.6 474.03 277.41 473.19 278.28C473.08 278.39 473.06 278.55 473.13 278.69C473.18 278.76 473.29 278.95 473.46 279.26C474.22 279.94 474.68 280.63 474.83 281.31C474.98 282 475.48 283.06 476.31 284.51C476.31 285.03 476.31 285.35 476.31 285.48C476.31 285.84 476.05 286.14 475.7 286.18C474.71 286.32 474.04 286.44 473.69 286.56C473.32 286.68 472.9 287.1 472.44 287.81C472.3 288.02 472.05 288.12 471.8 288.08C471.68 288.06 471.4 288.01 470.95 287.93L467.87 287.47L466.16 287.47C464.57 286.33 463.43 285.61 462.74 285.3C462.06 285 462.06 284.43 462.74 283.59C463.48 282.06 463.94 281.1 464.13 280.72C464.19 280.59 464.17 280.45 464.08 280.34C463.43 279.6 462.8 279.08 462.17 278.8C461.49 278.5 460.65 277.78 459.66 276.64C459.28 276.55 459.05 276.5 458.95 276.48C458.77 276.44 458.64 276.28 458.64 276.09C458.64 275.77 458.64 274.96 458.64 273.67C458.47 272.78 458.37 272.22 458.32 272C458.31 271.91 458.24 271.83 458.15 271.8C457.72 271.68 456.72 271.38 456.32 271.26C456.13 271.2 455.99 271.04 455.95 270.85C455.9 270.59 455.77 269.93 455.56 268.88L454.3 266.38C452.33 265.77 450.66 265.16 449.29 264.55C447.92 263.94 446.85 262.04 446.09 258.85L445.3 255.31L444.38 252.81C444.23 251.78 444.13 251.14 444.1 250.88C444.07 250.68 443.88 250.55 443.68 250.57C443.39 250.61 442.97 250.66 442.71 250.69C442.43 250.73 442.22 250.96 442.22 251.25C442.22 251.63 442.22 252.41 442.22 252.83C442.22 253 442.07 253.15 441.9 253.15C441.73 253.15 441.93 253.15 441.86 253.15C441.4 253.15 441 253.46 440.88 253.9C440.83 254.09 440.71 254.56 440.51 255.31L439.6 257.6C438.61 258.81 437.92 259.76 437.54 260.45C437.16 261.13 436.44 261.21 435.38 260.67L434.81 259.31C434.65 258.15 434.55 257.43 434.51 257.14C434.48 256.94 434.32 256.8 434.12 256.8C433.85 256.8 433.16 256.8 432.07 256.8L428.65 254.97L425.34 254.52C423.44 254.44 422.26 254.52 421.81 254.74C421.35 254.97 421.12 255.54 421.12 256.45L418.73 258.85L416.22 258.85L415.42 257.6C414.74 257.37 414.17 257.44 413.71 257.82C413.26 258.2 412.23 258.39 410.63 258.39L409.04 257.6L407.78 257.02C407.25 256.11 406.76 255.43 406.3 254.97C405.84 254.52 405.24 254.21 404.48 254.06L403.82 254.52C403.64 254.76 403.52 254.91 403.48 254.97C403.32 255.18 403.06 255.28 402.8 255.23C402.63 255.2 402.2 255.11 401.51 254.97C400.45 254.74 399.04 254.44 397.29 254.06C395.54 253.68 394.14 254.33 393.07 256L392.39 257.6L392.05 259.65L391.48 260.67L389.42 261.59C388.26 262.64 387.54 263.3 387.25 263.56C387.05 263.74 387.01 264.03 387.13 264.26C387.18 264.34 387.3 264.56 387.49 264.89L387.14 266.15L386.91 267.63L386.57 270.14C386.18 270.53 385.94 270.77 385.84 270.87C385.65 271.06 385.4 271.16 385.13 271.16C384.8 271.16 384.29 271.16 383.98 271.16C383.71 271.16 383.49 271.38 383.49 271.65C383.49 271.67 383.49 271.74 383.49 271.85C383.42 272.23 383.11 272.57 382.58 272.87C382.05 273.18 381.33 273.06 380.42 272.53C379.81 272.23 379.28 271.89 378.82 271.51C378.36 271.13 377.79 271.24 377.11 271.85L376.31 274.13L375.06 277.44C374.83 278.82 374.68 279.68 374.62 280.02C374.54 280.5 374.13 280.86 373.64 280.86C373.51 280.86 373.87 280.86 373.71 280.86C373.27 280.86 372.86 281.08 372.62 281.46C372.38 281.84 371.94 282.53 371.67 282.94C371.5 283.22 371.24 283.42 370.94 283.54C370.78 283.59 370.51 283.69 370.29 283.77C370.2 283.8 370.13 283.87 370.08 283.95C369.95 284.16 369.63 284.69 369.13 285.53C369.13 286.09 369.13 286.44 369.13 286.58C369.13 287.15 369.33 287.71 369.7 288.15C369.7 288.15 369.7 288.15 369.7 288.15L371.18 290.43L372.55 292.37L372.55 293.86L371.75 295.22L369.35 296.14L367.42 296.59L364.79 295.79L362.74 294.88L361.83 293.51C361.66 293.02 361.56 292.71 361.52 292.58C361.43 292.3 361.23 292.06 360.98 291.91C360.8 291.8 360.36 291.54 359.66 291.12L357.95 290.89C357.26 290.89 356.82 290.89 356.65 290.89C356.39 290.89 356.15 291.01 356 291.22C355.91 291.34 355.69 291.65 355.33 292.15C354.9 292.79 354.63 293.19 354.52 293.35C354.31 293.67 353.96 293.86 353.59 293.86C353.39 293.86 353.32 293.86 353.1 293.86C352.79 293.86 352.5 294.03 352.35 294.3C352.28 294.42 352.26 294.46 352.17 294.61C352.08 294.78 351.9 294.88 351.71 294.88C351.57 294.88 351.22 294.88 350.65 294.88L345.52 295.22C345.44 295.54 345.4 295.73 345.38 295.81C345.33 296 345.41 296.21 345.58 296.31C345.7 296.38 345.98 296.55 346.44 296.82C347.23 297.39 347.73 297.75 347.93 297.89C348 297.93 348.04 298 348.05 298.08C348.1 298.31 348.09 298.26 348.1 298.34C348.2 298.9 348.08 299.48 347.75 299.94C347.69 300.03 347.82 299.85 347.71 300.01C347.56 300.22 347.3 300.32 347.05 300.26C346.92 300.24 347.03 300.26 346.92 300.23C346.61 300.17 346.29 300.24 346.05 300.45C345.86 300.61 345.43 300.97 345.17 301.18C345.11 301.23 345.08 301.32 345.09 301.4C345.12 301.54 345.19 301.87 345.3 302.41C345.22 302.81 345.18 303.06 345.16 303.16C345.1 303.48 344.91 303.76 344.64 303.93C344.36 304.11 343.67 304.55 342.56 305.26C341.76 305.58 341.26 305.78 341.06 305.86C340.92 305.91 340.77 305.91 340.64 305.85C340.47 305.77 340.05 305.57 339.37 305.26C338.88 304.89 338.58 304.67 338.45 304.57C338.18 304.37 337.81 304.37 337.54 304.57C337.54 304.57 337.54 304.57 337.54 304.57L335.15 306.17L333.09 307.2L331.27 307.65C330.38 307.84 329.82 307.96 329.6 308C329.27 308.07 328.96 308.2 328.67 308.38C328.56 308.45 328.28 308.62 327.82 308.91L322.72 312.67L321.58 313.92C321.23 314.62 321.01 315.06 320.92 315.23C320.83 315.41 320.66 315.54 320.47 315.58C320.36 315.61 320.08 315.66 319.64 315.75C317.42 315.75 316.03 315.75 315.47 315.75C315.16 315.75 314.87 315.92 314.72 316.19C314.62 316.38 314.63 316.35 314.55 316.5C314.34 316.89 313.95 317.14 313.52 317.18C313.13 317.21 312.82 317.24 312.48 317.27C311.88 317.32 311.3 317.1 310.88 316.68C310.85 316.66 311.02 316.83 310.89 316.7C310.8 316.6 310.67 316.55 310.53 316.55C310.4 316.55 310.05 316.55 309.49 316.55C309.25 316.47 309.1 316.42 309.04 316.4C308.69 316.28 308.37 316.64 308.52 316.97C308.55 317.02 308.6 317.15 308.69 317.34L309.49 317.92C309.4 318.3 309.35 318.54 309.33 318.63C309.21 319.12 308.89 319.52 308.44 319.73C308.24 319.82 308.23 319.83 307.99 319.94C307.64 320.1 307.36 320.4 307.21 320.77C307.21 320.77 307.44 320.2 307.44 320.2C307.29 320.57 307.21 320.97 307.21 321.38C307.21 321.67 307.21 322.03 307.21 322.35C307.21 322.62 307.4 322.85 307.67 322.9C308.13 322.98 309.27 323.18 311.09 323.5Z" id="province03" class="states"></path>
<path d="M536.2 398.25C536.22 397.95 536.44 397.71 536.72 397.63C536.97 397.56 537 397.56 537.18 397.51C537.66 397.38 538.03 397 538.14 396.52C538.27 395.98 538.44 395.47 538.64 395.02C538.94 394.34 539.48 393.84 540.24 393.54C540.92 393.31 541.6 393.01 542.29 392.63C542.97 392.25 543.35 391.26 543.43 389.66C543.2 388.14 543.09 387 543.09 386.24C543.09 385.61 543.68 384.86 544.87 383.98C545.18 383.75 545.37 383.39 545.37 383C545.37 382.64 545.37 381.87 545.37 381.43C545.37 381.36 545.27 381.32 545.22 381.37C545.18 381.41 545.07 381.51 544.91 381.68C544.42 381.83 544.11 381.92 543.98 381.96C543.85 382 543.71 381.96 543.61 381.86C543.33 381.58 542.62 380.87 541.49 379.74C540.75 379.6 540.29 379.52 540.11 379.48C539.83 379.43 539.58 379.26 539.44 379.01C539.23 378.65 538.84 377.98 538.64 377.62C538.56 377.48 538.34 377.51 538.3 377.67C538.26 377.85 538.14 378.32 537.96 379.06L537.16 380.2C535.64 381.18 534.69 381.91 534.31 382.36C533.95 382.79 533.29 382.94 532.3 382.84C532.21 382.83 532.13 382.75 532.12 382.66C532.08 382.37 531.99 381.8 531.96 381.54C531.93 381.36 531.77 381.22 531.59 381.22C531.24 381.22 531.11 381.22 529.86 381.22C529.02 381.22 527.81 381.87 526.21 383.16C525.91 383.39 525.49 383.01 524.96 382.02C524.42 381.03 523.47 381.03 522.11 382.02C521.35 382.64 520.88 383.03 520.69 383.18C520.38 383.45 519.93 383.48 519.57 383.28C519.41 383.19 519 382.96 518.34 382.59L514.47 382.59C513.9 382.53 513.55 382.49 513.41 382.47C512.8 382.41 512.27 382 512.05 381.43C511.96 381.2 511.74 380.64 511.39 379.74C511.16 378.9 510.72 378.49 510.06 378.49C509.41 378.49 509.24 378.26 509.56 377.8C510.25 376.89 510.78 376.28 511.16 375.98C511.54 375.67 511.27 375.37 510.36 375.07C509.52 375.29 508.88 375.37 508.42 375.29C507.97 375.22 507.78 374.69 507.85 373.7C508.5 373.04 508.91 372.64 509.08 372.47C509.16 372.39 509.17 372.26 509.11 372.16C509.06 372.09 508.95 371.92 508.76 371.64C508.35 371.77 508.09 371.85 507.99 371.88C507.77 371.94 507.52 371.88 507.36 371.71C507.09 371.43 506.42 370.72 505.34 369.59L503.63 367.65C502.42 367.43 501.24 366.93 500.1 366.17C498.96 365.41 498.01 365.52 497.25 366.51C496.81 367.34 496.53 367.86 496.42 368.07C496.3 368.31 496.06 368.45 495.79 368.45C495.18 368.45 493.65 368.45 491.2 368.45C490.75 368.15 490.29 367.88 489.84 367.65C489.15 367.31 487.78 368.45 487.1 369.14C486.64 369.59 486.07 369.55 485.39 369.02L483.56 367.54L480.26 365.94C479.19 364.95 478.62 364.19 478.55 363.66C478.47 363.13 478.93 363.02 479.92 363.32C481.78 364.42 482.94 365.1 483.41 365.38C483.63 365.51 483.92 365.46 484.09 365.27C484.38 364.94 484.81 364.75 485.39 364.69C486.15 364.69 486.34 364.27 485.96 363.66L482.08 360.93C479.57 359.86 477.86 359.06 476.95 358.53C475.58 357.73 473.53 357.39 471.48 357.39C469.43 357.39 469.08 357.96 467.14 357.73C465.85 357.58 465.02 356.82 464.64 355.45L461.67 351.23C461.38 350.31 461.2 349.74 461.13 349.51C461.04 349.23 460.83 349 460.56 348.89C459.98 348.65 458.71 348.12 458.13 347.89C457.86 347.77 457.54 347.84 457.33 348.05C457.13 348.25 457.12 348.26 456.98 348.4C456.57 348.81 455.97 348.95 455.42 348.77C455.39 348.76 455.64 348.84 455.47 348.79C455.35 348.75 455.24 348.68 455.15 348.59C454.98 348.42 454.57 348.01 453.92 347.36L452.66 346.33C451.07 345.87 449.58 345.3 448.22 344.62C446.85 343.94 445.4 343.86 443.88 344.39L441.72 345.87L439.55 347.58C438.11 347.74 436.81 347.85 435.67 347.93C434.6 348 433.1 347.79 431.16 347.31C430.99 347.27 430.81 347.33 430.7 347.46C430.65 347.53 430.52 347.68 430.31 347.93C429.12 347.78 428.37 347.68 428.07 347.65C427.77 347.61 427.53 347.39 427.46 347.11C427.39 346.84 427.33 346.59 427.27 346.34C427.2 346.09 426.88 346 426.7 346.18C426.68 346.2 426.63 346.25 426.55 346.33L425.18 345.76L423.7 344.85L421.76 343.71C421.38 343.63 421.14 343.58 421.04 343.56C420.4 343.44 419.83 343.08 419.44 342.56C419.21 342.26 419.03 342.11 418.91 342.11C418.46 342.11 416.86 341.77 416.06 341.54C415.53 341.39 414.73 341.16 413.67 340.86C412.83 340.86 411.96 340.93 411.04 341.09C410.13 341.24 409.26 341.05 408.42 340.52C408.27 339.98 407.96 339.64 407.51 339.49C406.82 339.26 404.09 339.49 402.98 339.15C401.87 338.8 400.55 337.66 399.53 336.98C398.84 336.52 397.74 335.35 396.22 333.45C395.61 331.77 395.16 330.78 394.85 330.48C394.4 330.02 392.23 330.37 391.32 330.71C390.71 330.94 390.02 331.05 389.26 331.05L387.67 330.48L386.41 330.71L383.45 330.25L380.14 328.54L377.06 327.29C376.72 326.98 376.5 326.78 376.42 326.71C376.11 326.43 375.68 326.33 375.28 326.44C375.2 326.46 375 326.51 374.67 326.6L373.87 326.26C373.35 325.69 373.02 325.33 372.89 325.19C372.71 325 372.48 324.87 372.22 324.82C371.41 324.68 369.44 324.32 368.64 324.18C368.34 324.13 368.02 324.17 367.73 324.3C367.56 324.38 367.14 324.58 366.46 324.89C363.77 324.89 362.09 324.89 361.42 324.89C361.14 324.89 360.86 324.81 360.63 324.65C360.48 324.54 360.1 324.28 359.5 323.87C358.52 323.72 357.79 323.53 357.34 323.3C357.06 323.16 356.65 323.13 356.1 323.2C355.59 323.26 355.16 323.58 354.95 324.04C354.94 324.08 354.89 324.17 354.83 324.32L354.03 326.26L353.8 327.52L353.12 328.77C351.83 329.22 351.03 329.5 350.71 329.61C350.64 329.63 350.65 329.73 350.72 329.74C351.07 329.84 351.94 330.09 353.35 330.48L356.08 330.71C357.59 330.98 358.53 331.15 358.91 331.21C359.14 331.25 359.34 331.4 359.46 331.6C360.54 333.45 363.59 338.67 364.66 340.52C364.79 340.74 364.85 340.99 364.83 341.25C364.76 342.05 364.58 344.05 364.29 347.24L363.61 350.55L361.9 352.37C360.83 353.44 360.91 354.16 362.13 354.54C363.34 354.92 364.86 355.41 366.69 356.02L368.17 356.82C369.39 357.43 370.11 357.51 370.34 357.05C370.56 356.59 371.02 356.4 371.7 356.48C372.01 356.98 372.2 357.3 372.27 357.42C372.33 357.52 372.47 357.54 372.54 357.45C372.76 357.21 373.19 356.75 373.39 356.53C373.55 356.35 373.78 356.26 374.02 356.28C374.32 356.31 375.07 356.37 376.27 356.48L377.75 357.05L377.75 358.53L378.32 359.22L380.48 359.56L381.28 360.36L384.82 360.58C386.49 361.12 387.29 361.8 387.21 362.64C387.16 363.26 387.1 363.71 387.06 364C387.02 364.23 387.21 364.44 387.45 364.42C388.36 364.33 388.81 364.35 388.81 364.46C388.81 364.61 388.96 364.99 389.26 365.6C391.56 366.06 392.99 366.35 393.57 366.46C393.7 366.49 393.78 366.63 393.74 366.76C393.55 367.31 393.16 367.69 392.57 367.88C392.1 368.04 391.78 368.2 391.63 368.35C391.47 368.52 391.49 368.8 391.69 368.94C392 369.15 392.37 369.18 392.8 369.02C393.31 368.83 393.83 368.8 394.35 368.95C394.52 368.99 394.69 368.93 394.8 368.8C395.37 368.09 395.91 367.67 396.45 367.54C397.01 367.4 399.19 367.59 402.98 368.1C403.57 368.18 403.7 368.2 403.37 368.16C403.65 368.19 403.86 368.43 403.86 368.72C403.86 369.05 403.86 369.87 403.86 371.19C403.1 372.25 403.02 373.16 403.63 373.92C404.1 374.51 404.59 375.3 405.09 376.29C405.3 376.69 405.78 376.88 406.2 376.71C406.46 376.61 406.93 376.43 407.3 376.29C407.43 376.23 407.59 376.23 407.73 376.27C410.73 377.21 412.71 377.65 413.67 377.57C414.4 377.52 415.01 377.31 415.51 376.95C415.87 376.69 416.3 376.55 416.74 376.55C417.02 376.55 417.54 376.55 417.91 376.55C418.04 376.55 418.16 376.49 418.24 376.39C419.19 375.19 420.02 374.52 420.74 374.38C421.26 374.28 422.08 374.4 423.2 374.74C423.87 374.94 424.59 374.78 425.1 374.32C425.35 374.11 425.79 373.72 426.16 373.38C426.27 373.29 426.4 373.24 426.54 373.24C426.7 373.24 426.63 373.24 426.71 373.24C427.08 373.24 427.4 372.97 427.46 372.61C427.49 372.48 427.46 372.65 427.48 372.5C427.54 372.2 427.8 371.99 428.1 371.99C428.32 371.99 428.87 371.99 429.74 371.99L432.02 370.28C432.56 369.06 433.13 368.57 433.73 368.79C434.1 368.93 434.42 369.08 434.71 369.24C435.07 369.44 435.52 369.36 435.78 369.03C436.94 367.59 437.85 367.21 438.52 367.88C439.36 368.72 440.2 369.29 441.03 369.59C443.85 370.05 445.4 371.26 445.71 373.24C445.86 374.22 446.35 374.37 446.39 375.51C446.43 376.68 446.28 378.24 445.94 380.2C445.33 382.4 445.48 383.92 446.39 384.76C447.3 384.76 447.3 384.76 447.3 384.76Z" id="province02" class="states"></path>
<path d="M545.88 393.73C546.81 393.53 547.46 392.45 547.83 390.48C547.89 390.18 548.15 389.97 548.45 389.97C548.91 389.97 550.07 389.97 550.61 389.97C550.71 389.97 550.79 390.04 550.8 390.14C550.91 390.89 551.16 392.77 551.58 395.79L551.87 399.53C552.27 399.92 552.52 400.16 552.62 400.26C552.84 400.47 553.08 400.66 553.33 400.82C553.72 401.06 554.7 401.66 556.25 402.63C556.82 403.53 557.35 404 557.84 404.02C558.39 404.05 558.89 402.87 559.33 402.75C560.02 402.57 560.68 402.84 561.31 403.55C561.49 403.74 561.77 403.78 561.99 403.64C562.11 403.57 562.4 403.38 562.87 403.08C564.03 403.41 564.76 403.61 565.05 403.7C565.45 403.81 565.72 404.16 565.72 404.57C565.72 404.71 565.72 405.05 565.72 405.59L566.51 406.05L569.25 406.5C570.32 407.32 570.98 407.82 571.25 408.03C571.45 408.18 571.73 408.1 571.82 407.86C571.97 407.49 572.1 406.89 572.22 406.05C572.44 404.45 573.58 404.34 574.27 403.43C574.7 402.85 576.15 402.58 578.62 402.62C578.75 402.63 578.89 402.58 578.99 402.48C579.11 402.38 579.39 402.13 579.86 401.71C582.44 401.56 584.34 401.56 585.56 401.71C586.4 401.82 587.23 402.93 588.96 404.14C589.61 404.6 590.47 405.03 591.52 405.43C591.77 405.53 592.06 405.46 592.24 405.25C592.34 405.14 592.47 404.99 592.6 404.84C592.69 404.74 592.82 404.69 592.95 404.71C593.32 404.78 594.06 404.9 594.38 404.95C594.63 404.99 594.88 404.88 595.01 404.67C595.17 404.4 595.19 404.35 595.29 404.19C595.61 403.65 596.22 403.36 596.83 403.42C596.84 403.42 596.24 403.36 596.34 403.37C596.64 403.4 596.94 403.25 597.08 402.97C597.28 402.6 597.43 402.26 597.53 401.94C597.68 401.49 598.02 401.3 598.56 401.37C599.09 401.14 599.66 401.41 600.27 402.17C600.8 402.84 601.97 403.34 603.76 403.67C604.05 403.73 604.33 403.56 604.43 403.29C604.54 402.97 604.83 402.18 605.28 400.92C605.89 399.47 606.54 398.79 607.22 398.86C607.83 398.93 608.76 399.66 610 401.04C610.16 401.21 610.42 401.19 610.55 401.01C610.72 400.77 611.13 400.17 611.78 399.21C612.54 398.9 613 398.52 613.15 398.07C613.3 397.61 613.91 397.61 614.98 398.07L616 399.21C617.29 401.33 618.09 402.7 618.4 403.31C618.7 403.92 619.92 404.38 622.05 404.68C622.43 405.52 622.69 406.24 622.84 406.85C623 407.45 623.6 407.45 624.67 406.85C624.9 405.93 625.54 405.1 626.61 404.34C627.67 403.58 628.7 402.59 629.69 401.37L629.8 399.21L630.48 398.41L630.48 397.27L629.69 396.24L630.14 395.56C630.37 394.19 630.64 393.09 630.94 392.25C631.24 391.41 631.85 390.46 632.76 389.4C633.07 388.26 633.49 387.42 634.02 386.89C634.55 386.36 634.97 385.6 635.27 384.61L635.5 381.42L636.76 379.94L636.41 374.23L635.5 370.13C635.65 368.69 635.35 367.85 634.59 367.62C633.83 367.39 633.37 366.78 633.22 365.8C633.18 364.91 633.15 364.36 633.14 364.14C633.12 363.75 632.91 363.39 632.58 363.18C632.43 363.09 632.37 363.05 632.18 362.93C631.98 362.8 631.84 362.57 631.83 362.33C631.79 361.7 631.69 360.17 631.65 359.54C631.63 359.32 631.51 359.11 631.32 359C630.92 358.76 630.19 358.32 629.83 358.1C629.52 357.92 629.32 357.61 629.28 357.26C629.25 356.98 629.21 356.64 629.17 356.35C629.14 356.08 628.91 355.87 628.64 355.86C627.54 355.83 626.64 355.68 625.92 355.42C625.09 355.12 624.44 354.17 623.98 352.57C623.76 351.56 623.62 350.93 623.56 350.67C623.54 350.58 623.47 350.5 623.37 350.48C623.08 350.42 622.51 350.3 622.26 350.25C622.06 350.2 621.92 350.04 621.89 349.84C621.87 349.63 621.8 349.09 621.7 348.24C621.7 347.7 622.08 347.1 622.84 346.41C623.6 345.73 623.95 344.28 623.87 342.08L624.67 337.86L625.69 334.67C625.85 333.37 626.34 332.5 627.18 332.04C628.01 331.59 627.94 331.06 626.95 330.45L625.92 329.42L625.92 327.6L626.26 325.66C627.25 325.2 627.79 324.56 627.86 323.72C627.93 322.96 627.36 322.11 626.16 321.17C626.01 321.05 625.92 320.87 625.92 320.68C625.92 320.35 625.92 319.84 625.92 319.56C625.92 319.23 626.07 318.93 626.32 318.72C626.49 318.58 626.42 318.64 626.55 318.53C626.95 318.21 627.18 317.72 627.18 317.21C627.18 317.04 627.18 316.63 627.18 315.97C628.01 314.45 628.43 313.42 628.43 312.89C628.43 312.36 628.74 311.9 629.34 311.52C630.2 311.09 630.73 310.82 630.95 310.72C631.23 310.58 631.44 310.31 631.5 310.01C631.62 309.49 631.8 308.67 631.9 308.21C632.02 307.69 632.26 307.2 632.59 306.78C632.88 306.43 633.54 305.61 633.91 305.16C633.98 305.07 634.03 304.96 634.04 304.85C634.15 303.85 634.39 301.68 634.48 300.84C634.55 300.26 634.94 299.76 635.49 299.57C635.59 299.53 635.82 299.45 636.19 299.32L637.33 296.47C637.48 295.86 637.33 295.4 636.87 295.1C636.41 294.8 636.19 294.42 636.19 293.96C636.49 293.58 636.87 293.31 637.33 293.16C637.78 293.01 637.86 292.48 637.55 291.57C635.35 290.57 633.97 289.94 633.41 289.69C633.02 289.52 632.56 289.6 632.26 289.9C632.13 290.03 631.97 290.19 631.77 290.39C631.68 290.49 631.55 290.54 631.41 290.54C631.07 290.54 630.37 290.54 630.06 290.54C629.83 290.54 629.63 290.4 629.56 290.19C629.42 289.82 629.17 289.14 629.04 288.8C628.98 288.61 628.73 288.57 628.61 288.73C628.51 288.86 628.47 288.91 628.36 289.04C628.21 289.25 627.92 289.3 627.7 289.17C627.53 289.06 627.09 288.8 626.38 288.37L623.87 288.37C623.03 288.75 622.43 289.09 622.05 289.4C621.67 289.7 621.17 289.59 620.56 289.06C620.08 288.5 619.78 288.14 619.66 288C619.37 287.66 618.93 287.46 618.48 287.46C617.66 287.46 615.62 287.46 612.35 287.46C612.13 287.33 611.99 287.24 611.94 287.21C611.49 286.94 611.21 286.45 611.21 285.93C611.21 285.64 611.21 285.47 611.21 285.14C611.21 284.78 610.92 284.5 610.57 284.5C610.36 284.5 610.2 284.5 609.94 284.5C609.69 284.5 609.47 284.68 609.43 284.93C609.37 285.23 609.29 285.7 609.24 286C609.19 286.27 609.01 286.49 608.75 286.59C608.68 286.61 608.52 286.68 608.25 286.78C607.13 287.84 606.44 288.5 606.16 288.77C605.96 288.96 605.83 289.2 605.77 289.47C605.74 289.64 605.65 290.07 605.51 290.77C604.68 291.76 603.95 292.44 603.35 292.82C602.86 293.12 602.47 293.83 602.15 294.95C602.05 295.31 601.72 295.57 601.33 295.59C600.3 295.63 597.84 295.72 596.81 295.76C596.45 295.77 596.16 295.49 596.16 295.14C596.16 294.79 596.16 294.38 596.16 294.03C596.16 293.68 595.87 293.4 595.52 293.42C595.36 293.43 595.12 293.49 594.79 293.62C594.19 293.85 593.39 294.42 592.4 295.33C591.25 294.81 590.53 294.49 590.24 294.36C590.16 294.32 590.11 294.25 590.11 294.17C590.06 293.65 589.95 292.33 589.91 291.83C589.9 291.67 589.79 291.53 589.64 291.46C589.49 291.4 589.12 291.24 588.52 291C588.22 290.92 587.99 291.11 587.84 291.57C587.69 292.02 587.31 292.44 586.7 292.82C584.32 292.82 582.83 292.82 582.23 292.82C582.1 292.82 581.98 292.88 581.9 292.99C581.72 293.26 581.3 293.86 581.12 294.13C581.04 294.23 580.91 294.28 580.79 294.25C580.45 294.17 579.61 293.95 578.26 293.62C577.38 293.52 576.83 293.46 576.61 293.43C576.42 293.41 576.31 293.2 576.4 293.04C576.59 292.7 576.93 292.09 577.11 291.76C577.18 291.64 577.05 291.5 576.92 291.57C576.24 291.93 575.66 292.08 575.18 292.02C574.57 291.95 573.81 292.59 572.9 293.96C571.77 294.08 571.07 294.16 570.78 294.19C570.09 294.26 569.39 294.08 568.83 293.67C568.51 293.44 567.96 293.15 567.2 292.82C565.98 292.29 564.99 292.29 564.23 292.82C563.38 293.51 562.85 293.95 562.64 294.12C562.49 294.24 562.31 294.3 562.12 294.3C561.47 294.3 559.86 294.3 557.28 294.3C556.14 293.69 555.07 293.31 554.09 293.16C553.1 293.01 552.79 292.29 553.17 291C553.02 290.39 552.72 290.04 552.26 289.97C551.81 289.89 551.2 289.17 550.44 287.8C549.75 286.89 549.11 286.17 548.5 285.64C547.89 285.1 547.02 284.57 545.88 284.04L543.82 284.04C541.79 283.81 540.52 283.67 540.01 283.62C539.84 283.6 539.69 283.47 539.64 283.3C539.52 282.85 539.24 281.82 539.12 281.38C539.07 281.2 538.9 281.07 538.71 281.07C538.48 281.07 537.91 281.07 536.98 281.07L535.5 280.05C535.35 279.84 535.25 279.71 535.21 279.66C534.76 279.06 534.01 278.76 533.26 278.88C533.24 278.89 533.19 278.89 533.11 278.91C531.74 278.98 530.56 279.14 529.57 279.36C528.58 279.59 527.97 279.21 527.75 278.22C527.14 277.92 526.38 277.81 525.47 277.88C524.55 277.96 524.29 277.27 524.67 275.83C524.82 275.07 524.93 274.42 525.01 273.89C525.09 273.36 524.86 272.9 524.33 272.52C521.94 272.52 520.45 272.52 519.85 272.52C519.66 272.52 519.48 272.63 519.4 272.8C519.38 272.83 519.35 272.89 519.31 272.98C518.55 273.89 517.79 274.58 517.03 275.03C516.27 275.49 515.09 275.34 513.49 274.58L512.92 272.52C512.25 272.23 511.83 272.05 511.66 271.98C511.51 271.92 511.35 272.04 511.37 272.2C511.55 273.62 511.57 274.56 511.44 275.03C511.3 275.54 510.44 276.02 508.86 276.47C508.76 276.5 508.69 276.57 508.66 276.67C508.57 276.97 508.36 277.71 508.02 278.91C507.68 280.8 507.46 281.98 507.38 282.45C507.35 282.59 507.37 282.74 507.44 282.87C507.51 283.02 507.52 283.03 507.56 283.12C507.71 283.42 507.97 283.64 508.28 283.75C508.4 283.79 508.69 283.88 509.16 284.04C510 285.33 510.49 286.78 510.64 288.37C510.87 290.77 510.07 292.36 509.84 293.16C509.69 293.69 509.96 294.34 510.64 295.1L511.44 296.47L510.98 299.66L509.16 303.77L509.16 305.93L508.93 306.74L507.34 308.33C506.42 310.08 505.55 310.87 504.71 310.72C503.88 310.57 502.62 310.72 500.95 311.18L499.92 312.32L496.73 314.71L493.77 318.36L489.66 322.35L487.72 323.72L486.92 325.55C485.94 326.53 485.29 327.41 484.99 328.17C484.68 328.93 484.57 329.99 484.64 331.
<truncated 61668 bytes>

NOTE: The output was truncated because it was too long. Use a more targeted query or a smaller range to get the information you need.